9 2967116
8 2507264
10 2191623
11 2014095
7 1949273
12 865900
13 555087
14 364096
6 259640
15 248257
16 161032
17 118093
18 36711
19 23221
5 18154
20 15347
21 12901
22 7399
23 6020
24 4733
25 3756
26 2784
4 2491
27 2126
28 1472
29 1019
30 743
31 711
256 468
32 444
33 372
3 339
34 179
35 170
36 104
37 104
38 67
40 64
39 56
43 49
41 48
2 45
72 44
42 42
44 39
46 30
45 27
49 25
48 25
51 24
56 21
47 20
70 19
55 19
50 17
52 14
223 14
54 14
57 12
53 12
75 11
64 11
62 11
59 11
76 10
68 9
71 9
58 8
61 8
67 8
65 8
60 8
63 7
80 6
85 6
81 6
247 6
102 6
69 5
211 5
74 5
77 5
88 5
233 4
222 4
83 4
143 4
73 4
151 4
118 4
97 4
84 4
221 4
220 4
92 3
166 3
225 3
95 3
79 3
78 3
219 3
126 3
109 3
189 3
255 3
130 3
89 3
103 3
254 3
147 3
251 2
114 2
227 2
252 2
135 2
191 2
112 2
208 2
195 2
240 2
174 2
217 2
263 2
179 2
258 2
250 2
242 2
238 2
239 2
218 2
229 2
196 2
66 2
91 2
96 2
82 2
98 2
93 2
86 2
125 2
198 2
99 2
183 2
1 1
124 1
286 1
132 1
176 1
267 1
245 1
134 1
199 1
244 1
194 1
203 1
209 1
224 1
207 1
212 1
237 1
204 1
234 1
249 1
241 1
243 1
246 1
175 1
214 1
169 1
226 1
101 1
87 1
173 1
190 1
133 1
127 1
172 1
163 1
139 1
154 1
116 1
104 1
193 1
150 1
138 1
231 1
140 1
94 1
90 1
185 1
201 1
100 1
210 1
129 1
205 1
259 1
232 1
142 1
107 1
153 1
146 1
105 1
165 1
155 1
106 1
167 1
119 1
152 1
149 1
177 1
110 1
