9 2967116
8 2507264
10 2191623
11 2014095
7 1949273
12 865900
13 555087
14 364096
6 259640
15 248257
16 161032
17 118093
18 36711
19 23221
5 18154
4 2491
3 339
2 45
1 1
9 2967116
8 2507264
10 2191623
11 2014095
7 1949273
12 865900
13 555087
14 364096
6 259640
15 248257
16 161032
17 118093
18 36711
19 23221
5 18154
4 2491
3 339
2 45
1 1
9 2967116
8 2507264
10 2191623
11 2014095
7 1949273
12 865900
13 555087
14 364096
6 259640
15 248257
16 161032
17 118093
18 36711
19 23221
5 18154
20 15347
21 12901
22 7399
23 6020
24 4733
25 3756
26 2784
4 2491
27 2126
28 1472
29 1019
30 743
31 711
32 444
33 372
3 339
34 179
2 45
1 1
9 2967116
8 2507264
10 2191623
11 2014095
7 1949273
12 865900
13 555087
14 364096
6 259640
15 248257
16 161032
17 118093
18 36711
19 23221
5 18154
20 15347
21 12901
22 7399
23 6020
24 4733
25 3756
26 2784
4 2491
27 2126
28 1472
29 1019
30 743
31 711
32 444
33 372
3 339
34 179
2 45
1 1
